%Loading Case (lbs)	F0 (lbf)	F1 (lbf)	F2 (lbf)	F3D (lbf)	LVDT (in)	%2/20/20202:21 PM
0.000	-0.332	0.307	0.001	-97.825	-0.005
0.000	-0.333	0.307	0.003	-97.834	-0.005
0.000	-0.329	0.311	0.006	-97.857	-0.005
0.000	-0.328	0.300	0.008	-97.860	-0.005
0.000	-0.329	0.299	0.005	-97.787	-0.005
0.000	-0.331	0.294	0.000	-97.842	-0.005
0.000	-0.338	0.296	0.004	-97.802	-0.005
0.000	-0.326	0.293	0.001	-97.750	-0.005
0.000	-0.337	0.292	0.005	-97.734	-0.005
0.000	-0.339	0.290	-0.008	-97.871	-0.005
10.000	2.621	2.606	5.088	-78.870	0.007
10.000	2.620	2.597	5.089	-78.871	0.007
10.000	2.617	2.592	5.099	-78.814	0.007
10.000	2.616	2.597	5.095	-78.847	0.007
10.000	2.624	2.593	5.089	-78.729	0.007
10.000	2.623	2.604	5.097	-78.803	0.007
10.000	2.622	2.595	5.099	-78.849	0.007
10.000	2.621	2.593	5.088	-78.826	0.007
10.000	2.620	2.591	5.081	-78.803	0.007
10.000	2.611	2.591	5.092	-78.796	0.007
20.000	5.309	5.201	10.247	-59.236	0.018
20.000	5.307	5.197	10.242	-59.315	0.018
20.000	5.309	5.201	10.252	-59.266	0.018
20.000	5.310	5.206	10.241	-59.196	0.018
20.000	5.307	5.195	10.247	-59.269	0.018
20.000	5.310	5.197	10.254	-59.218	0.018
20.000	5.309	5.201	10.245	-59.327	0.018
20.000	5.301	5.190	10.254	-59.268	0.018
20.000	5.316	5.202	10.252	-59.375	0.018
20.000	5.310	5.201	10.249	-59.445	0.018
30.000	7.754	8.082	15.428	-40.180	0.030
30.000	7.752	8.100	15.430	-40.185	0.030
30.000	7.753	8.094	15.425	-40.285	0.030
30.000	7.751	8.098	15.422	-40.095	0.030
30.000	7.747	8.094	15.417	-40.290	0.030
30.000	7.747	8.092	15.421	-40.307	0.030
30.000	7.756	8.110	15.431	-40.161	0.030
30.000	7.752	8.114	15.432	-40.222	0.030
30.000	7.749	8.105	15.430	-40.169	0.030
30.000	7.739	8.083	15.428	-40.199	0.030
40.000	10.541	10.557	20.547	-26.026	0.045
40.000	10.533	10.576	20.549	-26.555	0.045
40.000	10.542	10.668	20.537	-25.713	0.045
40.000	10.527	10.602	20.534	-26.234	0.045
40.000	10.516	10.643	20.543	-26.265	0.045
40.000	10.532	10.550	20.539	-26.346	0.045
40.000	10.557	10.577	20.537	-26.167	0.045
40.000	10.526	10.683	20.536	-25.775	0.045
40.000	10.517	10.653	20.541	-25.669	0.045
40.000	10.524	10.613	20.542	-25.667	0.045
50.000	13.177	12.829	25.456	-11.370	0.058
50.000	13.189	12.830	25.464	-11.219	0.058
50.000	13.184	12.829	25.460	-11.273	0.058
50.000	13.195	12.826	25.456	-11.351	0.058
50.000	13.196	12.815	25.460	-11.201	0.058
50.000	13.190	12.834	25.465	-11.326	0.058
50.000	13.185	12.819	25.460	-11.288	0.058
50.000	13.192	12.832	25.464	-11.420	0.058
50.000	13.196	12.818	25.459	-11.284	0.058
50.000	13.188	12.841	25.465	-11.267	0.058
40.000	10.456	10.546	20.415	-24.748	0.047
40.000	10.462	10.536	20.424	-24.656	0.047
40.000	10.469	10.529	20.415	-24.761	0.047
40.000	10.473	10.538	20.424	-24.783	0.047
40.000	10.459	10.543	20.427	-24.812	0.047
40.000	10.465	10.532	20.413	-24.735	0.047
40.000	10.468	10.525	20.424	-24.798	0.047
40.000	10.465	10.536	20.422	-24.602	0.047
40.000	10.473	10.550	20.430	-24.754	0.047
40.000	10.482	10.543	20.437	-24.797	0.047
30.000	7.701	8.065	15.318	-38.214	0.032
30.000	7.730	8.076	15.353	-38.257	0.032
30.000	7.703	8.060	15.326	-38.267	0.032
30.000	7.743	8.081	15.374	-38.209	0.032
30.000	7.737	8.079	15.366	-38.121	0.032
30.000	7.752	8.082	15.384	-38.251	0.032
30.000	7.719	8.080	15.337	-38.196	0.032
30.000	7.729	8.087	15.374	-38.146	0.032
30.000	7.743	8.091	15.362	-38.235	0.032
30.000	7.733	8.075	15.357	-38.311	0.032
20.000	5.311	5.316	10.217	-56.576	0.020
20.000	5.331	5.310	10.224	-56.513	0.020
20.000	5.328	5.310	10.225	-56.665	0.020
20.000	5.320	5.316	10.221	-56.659	0.020
20.000	5.318	5.312	10.223	-56.656	0.020
20.000	5.316	5.311	10.223	-56.647	0.020
20.000	5.332	5.304	10.224	-56.663	0.020
20.000	5.320	5.303	10.228	-56.648	0.020
20.000	5.323	5.314	10.220	-56.698	0.020
20.000	5.317	5.309	10.232	-56.636	0.020
10.000	2.622	2.694	5.074	-76.363	0.008
10.000	2.627	2.705	5.076	-76.485	0.008
10.000	2.633	2.701	5.079	-76.397	0.008
10.000	2.633	2.698	5.074	-76.456	0.008
10.000	2.635	2.703	5.078	-76.347	0.008
10.000	2.635	2.689	5.082	-76.445	0.008
10.000	2.629	2.698	5.077	-76.484	0.008
10.000	2.635	2.686	5.077	-76.387	0.008
10.000	2.622	2.686	5.079	-76.488	0.008
10.000	2.625	2.697	5.073	-76.378	0.008
0.000	-0.318	0.347	0.010	-96.547	-0.004
0.000	-0.315	0.358	0.003	-96.635	-0.004
0.000	-0.317	0.351	0.005	-96.459	-0.004
0.000	-0.308	0.356	0.004	-96.475	-0.004
0.000	-0.304	0.362	0.017	-96.502	-0.004
0.000	-0.303	0.363	0.018	-96.442	-0.004
0.000	-0.301	0.360	0.017	-96.544	-0.004
0.000	-0.303	0.361	0.016	-96.468	-0.004
0.000	-0.307	0.368	0.011	-96.409	-0.004
0.000	-0.301	0.363	0.016	-96.429	-0.004
