%Loading Case (lbs)	F0 (lbf)	F1 (lbf)	F2 (lbf)	F3D (lbf)	LVDT (in)	%2/19/20201:24 PM
0.000	0.040	-0.010	-0.001	-89.095	-0.001
0.000	0.037	-0.031	-0.000	-89.433	-0.001
0.000	0.035	0.014	-0.006	-88.479	-0.001
0.000	0.031	-0.019	-0.006	-89.551	-0.001
0.000	0.036	-0.020	-0.002	-89.230	-0.001
0.000	0.034	0.019	0.002	-88.752	-0.001
0.000	0.028	0.009	0.003	-88.752	-0.001
0.000	0.043	-0.026	-0.002	-89.379	-0.001
0.000	0.041	-0.012	-0.001	-89.478	-0.001
0.000	0.030	0.018	-0.004	-88.416	-0.001
5.000	1.630	0.957	2.533	-79.877	0.005
5.000	1.634	1.004	2.533	-79.774	0.005
5.000	1.625	0.982	2.529	-79.867	0.005
5.000	1.626	1.005	2.539	-79.412	0.005
5.000	1.631	0.972	2.534	-80.188	0.005
5.000	1.627	0.980	2.535	-79.573	0.005
5.000	1.620	0.978	2.520	-79.834	0.005
5.000	1.617	1.006	2.535	-79.220	0.005
5.000	1.615	1.006	2.529	-79.121	0.005
5.000	1.624	0.964	2.521	-80.155	0.005
10.000	2.176	3.190	5.140	-69.146	0.010
10.000	2.182	3.163	5.137	-69.529	0.010
10.000	2.174	3.188	5.128	-69.162	0.010
10.000	2.179	3.150	5.128	-69.800	0.010
10.000	2.180	3.145	5.129	-69.635	0.010
10.000	2.179	3.170	5.142	-69.438	0.010
10.000	2.171	3.173	5.129	-69.566	0.010
10.000	2.178	3.204	5.135	-69.171	0.010
10.000	2.179	3.161	5.124	-69.897	0.010
10.000	2.171	3.198	5.141	-69.124	0.010
15.000	2.955	5.007	7.695	-60.231	0.015
15.000	2.959	5.003	7.703	-60.555	0.015
15.000	2.937	5.039	7.699	-59.702	0.015
15.000	2.942	5.051	7.700	-59.784	0.015
15.000	2.940	5.048	7.698	-60.021	0.015
15.000	2.941	5.024	7.690	-60.235	0.015
15.000	2.943	5.029	7.689	-59.839	0.015
15.000	2.949	5.030	7.702	-60.052	0.015
15.000	2.948	5.012	7.691	-60.252	0.015
15.000	2.941	5.018	7.684	-60.188	0.015
20.000	4.841	5.827	10.280	-48.901	0.021
20.000	4.846	5.828	10.282	-48.890	0.021
20.000	4.839	5.799	10.275	-49.439	0.021
20.000	4.855	5.812	10.278	-49.031	0.021
20.000	4.849	5.806	10.285	-49.475	0.021
20.000	4.833	5.834	10.284	-48.757	0.021
20.000	4.836	5.827	10.288	-49.198	0.021
20.000	4.848	5.823	10.280	-49.459	0.021
20.000	4.855	5.816	10.279	-49.464	0.021
20.000	4.854	5.804	10.284	-49.378	0.021
25.000	6.251	6.918	12.853	-40.470	0.026
25.000	6.261	6.877	12.847	-40.793	0.026
25.000	6.256	6.916	12.846	-40.481	0.026
25.000	6.266	6.889	12.849	-41.116	0.026
25.000	6.275	6.878	12.843	-41.345	0.026
25.000	6.258	6.893	12.840	-41.022	0.026
25.000	6.264	6.909	12.848	-40.485	0.026
25.000	6.265	6.927	12.851	-40.543	0.026
25.000	6.268	6.876	12.849	-40.956	0.026
25.000	6.268	6.892	12.851	-40.420	0.026
30.000	7.745	8.177	15.519	-31.025	0.032
30.000	7.739	8.199	15.528	-30.868	0.032
30.000	7.750	8.179	15.512	-31.321	0.032
30.000	7.730	8.177	15.506	-31.349	0.032
30.000	7.743	8.176	15.512	-31.226	0.032
30.000	7.731	8.184	15.524	-30.963	0.032
30.000	7.738	8.156	15.509	-31.390	0.032
30.000	7.731	8.197	15.515	-31.306	0.032
30.000	7.741	8.170	15.516	-31.405	0.032
30.000	7.733	8.162	15.510	-31.662	0.032
35.000	9.180	9.370	18.057	-23.733	0.039
35.000	9.197	9.343	18.054	-23.734	0.039
35.000	9.189	9.357	18.059	-23.583	0.039
35.000	9.200	9.309	18.054	-23.804	0.039
35.000	9.202	9.345	18.056	-23.799	0.039
35.000	9.203	9.283	18.057	-24.006	0.039
35.000	9.192	9.316	18.055	-23.615	0.039
35.000	9.197	9.295	18.046	-24.449	0.039
35.000	9.193	9.306	18.041	-24.169	0.039
35.000	9.196	9.313	18.057	-24.029	0.039
40.000	10.104	10.924	20.569	-17.454	0.048
40.000	10.092	10.944	20.584	-17.211	0.048
40.000	10.083	10.972	20.588	-16.908	0.048
40.000	10.075	10.977	20.579	-17.294	0.048
40.000	10.088	10.945	20.583	-17.182	0.048
40.000	10.088	10.953	20.587	-17.222	0.048
40.000	10.072	10.977	20.582	-17.036	0.048
40.000	10.081	10.977	20.587	-17.394	0.048
40.000	10.079	10.973	20.587	-17.255	0.048
40.000	10.093	10.979	20.584	-16.907	0.048
45.000	11.807	11.674	23.026	-9.422	0.056
45.000	11.811	11.682	23.039	-9.413	0.056
45.000	11.805	11.709	23.033	-8.637	0.056
45.000	11.800	11.709	23.037	-8.904	0.056
45.000	11.790	11.718	23.042	-8.758	0.056
45.000	11.807	11.690	23.030	-9.434	0.056
45.000	11.799	11.712	23.031	-8.890	0.056
45.000	11.801	11.706	23.038	-8.812	0.056
45.000	11.794	11.722	23.030	-8.798	0.056
45.000	11.804	11.690	23.025	-9.266	0.056
50.000	12.788	13.486	25.664	-2.178	0.064
50.000	12.773	13.486	25.656	-1.745	0.064
50.000	12.781	13.457	25.648	-2.652	0.064
50.000	12.762	13.496	25.659	-1.707	0.064
50.000	12.768	13.471	25.650	-2.133	0.064
50.000	12.764	13.448	25.647	-2.461	0.064
50.000	12.770	13.487	25.652	-1.741	0.064
50.000	12.761	13.486	25.651	-1.708	0.064
50.000	12.771	13.441	25.652	-2.450	0.064
50.000	12.766	13.462	25.654	-2.110	0.064
45.000	11.886	11.657	22.980	-10.029	0.059
45.000	11.882	11.705	22.987	-9.479	0.059
45.000	11.874	11.705	22.988	-9.405	0.059
45.000	11.884	11.668	22.988	-9.835	0.059
45.000	11.873	11.688	22.980	-9.326	0.059
45.000	11.879	11.673	22.973	-9.781	0.059
45.000	11.880	11.679	22.987	-9.601	0.059
45.000	11.875	11.697	22.981	-9.451	0.059
45.000	11.872	11.667	22.977	-9.791	0.059
45.000	11.887	11.669	22.981	-9.819	0.059
40.000	10.039	10.978	20.444	-15.535	0.055
40.000	10.042	10.968	20.445	-15.911	0.055
40.000	10.047	10.963	20.450	-15.888	0.055
40.000	10.031	10.971	20.444	-15.748	0.055
40.000	10.034	10.969	20.447	-15.954	0.055
40.000	10.049	10.949	20.453	-16.257	0.055
40.000	10.046	10.958	20.454	-16.311	0.055
40.000	10.040	10.947	20.445	-16.177	0.055
40.000	10.040	10.974	20.444	-16.051	0.055
40.000	10.026	10.948	20.438	-16.334	0.055
35.000	9.501	8.925	17.927	-24.217	0.047
35.000	9.486	8.972	17.927	-24.077	0.047
35.000	9.485	8.824	17.935	-24.606	0.047
35.000	9.472	9.048	17.940	-24.038	0.047
35.000	9.472	9.053	17.934	-23.544	0.047
35.000	9.475	9.062	17.933	-23.867	0.047
35.000	9.458	8.969	17.948	-23.779	0.047
35.000	9.468	8.946	17.948	-24.316	0.047
35.000	9.497	8.960	17.925	-24.315	0.047
35.000	9.472	9.050	17.935	-24.260	0.047
30.000	7.669	8.360	15.405	-28.929	0.041
30.000	7.692	8.333	15.407	-29.450	0.041
30.000	7.679	8.334	15.403	-29.594	0.041
30.000	7.684	8.342	15.399	-29.601	0.041
30.000	7.674	8.382	15.417	-28.702	0.041
30.000	7.683	8.372	15.410	-28.821	0.041
30.000	7.672	8.367	15.409	-28.855	0.041
30.000	7.667	8.347	15.406	-29.504	0.041
30.000	7.672	8.343	15.412	-29.336	0.041
30.000	7.663	8.368	15.418	-28.558	0.041
25.000	6.566	6.654	12.830	-39.707	0.034
25.000	6.572	6.598	12.822	-40.413	0.034
25.000	6.577	6.607	12.826	-40.564	0.034
25.000	6.569	6.627	12.827	-39.768	0.034
25.000	6.572	6.604	12.816	-40.501	0.034
25.000	6.574	6.605	12.823	-40.370	0.034
25.000	6.565	6.636	12.832	-39.869	0.034
25.000	6.572	6.583	12.820	-40.561	0.034
25.000	6.559	6.630	12.825	-39.839	0.034
25.000	6.580	6.615	12.820	-40.054	0.034
20.000	4.786	5.870	10.251	-47.533	0.030
20.000	4.786	5.866	10.244	-47.972	0.030
20.000	4.793	5.883	10.244	-47.985	0.030
20.000	4.792	5.863	10.249	-47.848	0.030
20.000	4.784	5.889	10.250	-48.002	0.030
20.000	4.796	5.921	10.258	-47.914	0.030
20.000	4.790	5.889	10.249	-48.149	0.030
20.000	4.797	5.895	10.256	-47.572	0.030
20.000	4.792	5.874	10.236	-48.212	0.030
20.000	4.803	5.853	10.254	-48.041	0.030
15.000	4.014	3.835	7.652	-59.575	0.024
15.000	4.030	3.841	7.671	-59.371	0.024
15.000	4.033	3.820	7.656	-59.969	0.024
15.000	4.036	3.817	7.665	-59.294	0.024
15.000	4.015	3.847	7.659	-59.358	0.024
15.000	4.027	3.821	7.653	-59.653	0.024
15.000	4.026	3.846	7.669	-59.313	0.024
15.000	4.022	3.853	7.666	-59.116	0.024
15.000	4.028	3.829	7.655	-59.776	0.024
15.000	4.031	3.853	7.668	-59.244	0.024
10.000	2.146	3.209	5.109	-69.091	0.019
10.000	2.130	3.247	5.111	-68.582	0.019
10.000	2.145	3.207	5.111	-68.860	0.019
10.000	2.138	3.226	5.107	-68.429	0.019
10.000	2.135	3.225	5.107	-68.730	0.019
10.000	2.135	3.231	5.106	-68.623	0.019
10.000	2.135	3.224	5.107	-68.592	0.019
10.000	2.133	3.237	5.105	-68.376	0.019
10.000	2.141	3.257	5.109	-68.493	0.019
10.000	2.128	3.247	5.103	-68.205	0.019
5.000	1.179	1.393	2.530	-80.091	0.013
5.000	1.169	1.438	2.523	-79.247	0.013
5.000	1.176	1.419	2.524	-79.557	0.013
5.000	1.170	1.409	2.520	-79.776	0.013
5.000	1.176	1.442	2.533	-79.299	0.013
5.000	1.176	1.434	2.528	-79.555	0.013
5.000	1.169	1.425	2.519	-79.562	0.013
5.000	1.176	1.415	2.533	-79.589	0.013
5.000	1.174	1.439	2.534	-79.155	0.013
5.000	1.176	1.404	2.533	-79.865	0.013
0.000	0.046	0.047	-0.012	-88.027	0.008
0.000	0.040	0.003	-0.014	-88.458	0.008
0.000	0.045	-0.000	-0.011	-88.343	0.008
0.000	0.057	0.016	-0.008	-88.186	0.008
0.000	0.044	0.025	-0.005	-88.239	0.008
0.000	0.041	0.034	-0.012	-87.522	0.008
0.000	0.045	0.050	-0.005	-87.602	0.008
0.000	0.046	0.040	-0.004	-87.470	0.008
0.000	0.041	0.041	-0.003	-87.852	0.008
0.000	0.055	0.049	0.004	-87.655	0.008
